2655	3033
2744	3012
2562	2997
2524	3019
2742	3007
2558	3038
2940	3045
2714	3005
2618	3044
2601	3041
2845	3004
2682	3023
2797	3033
2528	3000
2587	3024
2601	2999
2620	3018
2546	3022
2778	3019
2870	3030
2854	3027
2644	3013
3041	3016
2686	3034
2526	3010
2732	3019
2594	3022
2926	3037
2478	3026
2544	3018
2848	3010
2450	3012
2606	3021
2649	3035
2783	3025
2600	3017
2432	2999
2544	3025
2587	3011
2745	3011
2709	3039
2742	3014
2600	3049
2913	3015
2563	3035
2824	3006
2747	3024
2450	3035
2658	3030
2536	3012
2738	3022
2512	3028
2646	3026
2615	3030
2740	3010
2448	3032
2469	3014
2526	3024
2639	3010
2852	3005
2854	2995
2807	3023
2594	3005
2557	3041
2535	3035
2386	3026
2923	3031
2851	3048
2468	3026
2670	3023
2512	3005
2917	3015
2384	3019
2750	3043
2760	2998
2512	3012
2824	3023
2569	3011
2636	3008
2852	3015
2448	3000
2682	3002
2705	3026
2570	2997
2565	3012
2657	3021
2647	3039
2767	2973
2869	3034
2405	3044
2688	3010
2511	3009
2742	3027
2691	3022
2686	3009
2722	3009
2700	3019
2965	3016
2339	3000
2548	3053
2985	2997
2799	3026
2617	3015
2669	3033
2610	3007
2669	3016
2926	2997
2205	3011
2564	3009
2592	2999
2748	3051
2757	3011
2579	3035
2614	3010
3062	3031
2679	3008
2407	3018
2611	3031
2895	3037
2587	3054
2785	3025
2690	3010
2579	3033
2649	3030
2507	3001
2951	3003
2788	3012
2538	2967
2620	3030
2734	3001
2528	3041
2383	3014
2577	2991
2752	3008
2457	3012
2608	3017
2635	3024
2856	3015
2869	3022
2519	3031
3045	3036
2710	3035
2568	3025
2484	3015
2438	3015
2707	3025
2730	3041
2981	3020
2544	3018
2566	3027